2944.2	68.9145	2159.08	60.2301	785.119	37.5682
3554.43	84.9819	2643.1	71.941	911.337	40.7052
3693.29	101.018	2664.46	81.3308	1028.83	45.7756
3105.47	116.789	2277.59	91.4189	827.88	44.6108
2538.02	139.162	1791	102.53	747.026	50.4631
1966.35	43.4974	1409.73	39.6676	556.621	27.4346
1654.59	45.0353	1120.38	38.2795	534.207	27.3276
1621.83	45.7456	1137.27	39.0771	484.56	26.1691
1500.44	66.9661	1021.97	50.514	478.47	30.4512
1561.84	45.5166	1095.34	38.7517	466.496	25.8368
1573.61	18.9593	1074.67	25.7407	498.943	23.045
1701.64	44.1785	1234.5	38.9274	467.133	25.2029
2012.82	49.6397	1455.36	43.4208	557.455	28.0383
1981.15	79.7716	1433.1	62.8534	548.055	33.2833
