4397.72	203.343	3233.92	154.976	1163.81	67.482
5039.19	100.713	3599.54	83.9731	1439.64	51.999
5419.19	111.18	4006.72	92.9252	1412.48	52.1314
4643.21	96.3582	3332.97	79.5364	1310.25	47.7626
3726.98	103.225	2552.03	79.837	1174.95	49.3649
3046.48	61.9341	2121.56	53.0609	924.927	36.177
2484.44	61.1166	1746.84	51.0189	737.597	32.948
2464.64	118.743	1695.83	86.4893	768.813	46.6593
2238.89	58.2566	1569.67	48.563	669.22	31.5184
2262.18	52.0597	1590.26	45.2354	671.924	30.7576
2322.25	77.6258	1562.75	59.248	759.496	37.763
2429.99	218.733	1654.52	151.523	775.469	75.1764
2824.65	64.1471	2017.37	54.4743	807.279	34.7077
2932.94	69.6394	2149.94	59.2135	783	35.2986
