2026.55	48.1171	1537.78	46.6151	488.767	31.2171
2473.5	53.7941	1885.93	50.8886	587.57	32.7211
3615.46	65.0889	2824.57	62.8508	790.891	39.5876
2629.76	55.7954	2114.94	53.6848	514.816	31.4296
776.435	29.7633	474.86	25.035	301.576	20.7134
956.978	32.875	586.813	27.844	370.165	23.0352
1340.46	38.9634	903.05	34.2883	437.414	25.4623
959.589	33.5327	628.06	29.6032	331.529	22.9972
1582.64	41.8178	1153.12	38.1962	429.518	25.6789
1829.37	45.2881	1355.55	41.7204	473.82	27.4231
3001.48	57.9918	2287.84	53.9433	713.64	33.8534
2191.44	49.3125	1687.38	46.4568	504.061	29.0718
972.765	32.5852	609.71	27.2102	363.055	21.7063
1202.62	36.2708	794.039	31.1044	408.577	23.3628
1901.16	45.5681	1192.96	38.8094	708.204	31.2526
1291.88	37.5049	834.138	31.8541	457.741	24.5939
737.551	27.9859	517.796	24.9502	219.755	17.4935
965.091	32.2978	723.416	29.3014	241.674	18.3812
1623.4	41.991	1251.11	38.4031	372.287	22.8093
1264.58	36.8778	956.341	33.6219	308.243	20.8194
791.289	30.2974	518.637	25.6554	272.652	19.3093
1074.27	35.6439	690.212	29.6482	384.06	22.7365
1630.38	42.2591	1036.75	35.5737	593.635	27.9307
1214.41	37.5979	767.574	31.0614	446.839	24.3201
736.408	28.2308	559.81	26.2127	176.598	16.5037
1043.04	33.6947	795.156	30.7369	247.887	18.6832
1612.44	42.0459	1257.84	39.1857	354.603	23.3499
1301.72	37.601	1013.29	34.9147	288.431	20.7785
602.897	25.441	381.735	21.3396	221.163	16.8225
681.734	27.269	434.1	22.6976	247.634	17.6577
1270.59	36.9021	829.894	31.3886	440.692	23.8351
907.161	31.3538	592.77	26.7712	314.391	20.3722
