1394.52	39.9065	1051.77	37.4752	342.75	24.3863
1659	45.0149	1255.72	42.0291	403.287	26.9308
2490.45	53.8788	1935.46	51.8941	554.982	32.9222
1806.93	46.7759	1451.1	44.6663	355.822	25.8615
574.906	25.8999	343.522	22.1224	231.385	18.9356
649.289	27.4448	420.177	23.166	229.112	17.7486
929.707	32.9912	627.207	28.6852	302.499	21.0405
670.965	27.7214	466.104	24.6203	204.86	17.5199
1025.41	33.8944	771.486	31.1881	253.92	19.82
1333.79	38.5114	998.72	35.2144	335.069	22.4075
2063.75	47.9879	1589.25	45.46	474.502	28.6831
1434.67	40.0197	1094.85	37.431	339.824	23.6266
604.741	25.8045	344.864	20.8084	259.878	18.4232
826.699	30.2613	513.942	25.4912	312.757	20.6626
1173.34	35.9302	757.631	30.4682	415.705	23.4969
863.346	30.7801	600.748	27.1322	262.598	19.1071
478.852	22.3878	345.158	20.3521	133.695	13.8878
687.009	26.6983	519.52	24.253	167.489	14.9319
1050.91	34.1013	779.683	30.6508	271.228	19.4122
847.091	30.5115	647	27.7656	200.091	16.7266
511.404	23.4571	327.513	19.7076	183.891	15.2925
729.335	27.8979	459.712	23.5155	269.623	18.7117
1123.84	34.7039	726.601	29.3288	397.243	22.5216
859.959	30.3947	557.285	25.7551	302.675	19.7434
447.645	21.9186	332.629	19.8887	115.016	12.7284
702.736	27.4754	539.076	25.4357	163.66	15.6107
1126.51	35.1674	916.549	33.1141	209.958	17.911
903.024	31.4872	693.028	29.1162	209.995	17.8165
394.599	20.6927	239.004	17.002	155.596	14.0912
569.879	24.8178	378.469	20.9514	191.41	15.388
908.725	31.453	591.684	26.6293	317.041	20.2517
698.547	27.5299	482.918	24.0106	215.63	16.9267
